image: room2_50mm.pgm
resolution: 0.050000
origin: [-4.164243, -4.174451, 0.000000]
negate: 0
occupied_thresh: 0.65
free_thresh: 0.196

